  0.1000E-01  0.0000E+00
  0.1054E-01  0.5759E+05
  0.1110E-01  0.5187E+05
  0.1170E-01  0.4672E+05
  0.1233E-01  0.4207E+05
  0.1299E-01  0.3789E+05
  0.1369E-01  0.3413E+05
  0.1442E-01  0.3074E+05
  0.1520E-01  0.2769E+05
  0.1601E-01  0.2494E+05
  0.1687E-01  0.2246E+05
  0.1778E-01  0.2023E+05
  0.1873E-01  0.1822E+05
  0.1974E-01  0.1641E+05
  0.2080E-01  0.1478E+05
  0.2192E-01  0.1331E+05
  0.2310E-01  0.1199E+05
  0.2434E-01  0.1080E+05
  0.2564E-01  0.9724E+04
  0.2702E-01  0.8758E+04
  0.2847E-01  0.7888E+04
  0.3000E-01  0.7104E+04
  0.3161E-01  0.6399E+04
  0.3331E-01  0.5763E+04
  0.3510E-01  0.5190E+04
  0.3698E-01  0.4675E+04
  0.3897E-01  0.4210E+04
  0.4106E-01  0.3792E+04
  0.4327E-01  0.3415E+04
  0.4559E-01  0.3076E+04
  0.4804E-01  0.2771E+04
  0.5062E-01  0.2495E+04
  0.5334E-01  0.2247E+04
  0.5620E-01  0.2024E+04
  0.5922E-01  0.1823E+04
  0.6240E-01  0.1642E+04
  0.6576E-01  0.1479E+04
  0.6929E-01  0.1332E+04
  0.7301E-01  0.1200E+04
  0.7693E-01  0.1080E+04
  0.8106E-01  0.9731E+03
  0.8541E-01  0.8764E+03
  0.9000E-01  0.7894E+03
  0.9484E-01  0.7109E+03
  0.9993E-01  0.6403E+03
  0.1053E+00  0.5767E+03
  0.1110E+00  0.5194E+03
  0.1169E+00  0.4678E+03
  0.1232E+00  0.4213E+03
  0.1298E+00  0.3795E+03
  0.1368E+00  0.3418E+03
  0.1441E+00  0.3078E+03
  0.1519E+00  0.2772E+03
  0.1600E+00  0.2497E+03
  0.1686E+00  0.2249E+03
  0.1777E+00  0.2026E+03
  0.1872E+00  0.1824E+03
  0.1973E+00  0.1643E+03
  0.2079E+00  0.1480E+03
  0.2190E+00  0.1333E+03
  0.2308E+00  0.1200E+03
  0.2432E+00  0.1081E+03
  0.2562E+00  0.9738E+02
  0.2700E+00  0.8770E+02
  0.2845E+00  0.7899E+02
  0.2998E+00  0.7114E+02
  0.3159E+00  0.6408E+02
  0.3329E+00  0.5771E+02
  0.3507E+00  0.5198E+02
  0.3696E+00  0.4681E+02
  0.3894E+00  0.4216E+02
  0.4103E+00  0.3797E+02
  0.4324E+00  0.3420E+02
  0.4556E+00  0.3080E+02
  0.4801E+00  0.2774E+02
  0.5059E+00  0.2499E+02
  0.5330E+00  0.2251E+02
  0.5617E+00  0.2027E+02
  0.5918E+00  0.1826E+02
  0.6236E+00  0.1644E+02
  0.6571E+00  0.1481E+02
  0.6924E+00  0.1334E+02
  0.7296E+00  0.1201E+02
  0.7688E+00  0.1082E+02
  0.8100E+00  0.9745E+01
  0.8535E+00  0.8777E+01
  0.8994E+00  0.7905E+01
  0.9477E+00  0.7120E+01
  0.9986E+00  0.6387E+01
  0.1052E+01  0.5253E+01
  0.1109E+01  0.4298E+01
  0.1168E+01  0.3521E+01
  0.1231E+01  0.2887E+01
  0.1297E+01  0.2371E+01
  0.1367E+01  0.1948E+01
  0.1440E+01  0.1603E+01
  0.1518E+01  0.1319E+01
  0.1599E+01  0.1087E+01
  0.1685E+01  0.8959E+00
  0.1775E+01  0.7388E+00
  0.1871E+01  0.6094E+00
  0.1971E+01  0.5028E+00
  0.2077E+01  0.4149E+00
  0.2189E+01  0.3423E+00
  0.2306E+01  0.2824E+00
  0.2430E+01  0.2329E+00
  0.2561E+01  0.1921E+00
  0.2698E+01  0.1584E+00
  0.2843E+01  0.1305E+00
  0.2996E+01  0.1075E+00
  0.3157E+01  0.8851E-01
  0.3326E+01  0.7284E-01
  0.3505E+01  0.5992E-01
  0.3693E+01  0.4926E-01
  0.3892E+01  0.4048E-01
  0.4101E+01  0.3325E-01
  0.4321E+01  0.2729E-01
  0.4553E+01  0.2239E-01
  0.4797E+01  0.1836E-01
  0.5055E+01  0.1505E-01
  0.5326E+01  0.1233E-01
  0.5613E+01  0.1009E-01
  0.5914E+01  0.8259E-02
  0.6232E+01  0.6755E-02
  0.6566E+01  0.5522E-02
  0.6919E+01  0.4513E-02
  0.7291E+01  0.3686E-02
  0.7682E+01  0.3009E-02
  0.8095E+01  0.2456E-02
  0.8530E+01  0.2004E-02
  0.8988E+01  0.1634E-02
  0.9470E+01  0.1332E-02
  0.9979E+01  0.1085E-02
  0.1051E+02  0.8839E-03
  0.1108E+02  0.7197E-03
  0.1167E+02  0.5859E-03
  0.1230E+02  0.4767E-03
  0.1296E+02  0.3878E-03
  0.1366E+02  0.3154E-03
  0.1439E+02  0.2564E-03
  0.1517E+02  0.2084E-03
  0.1598E+02  0.1694E-03
  0.1684E+02  0.1376E-03
  0.1774E+02  0.1117E-03
  0.1870E+02  0.9074E-04
  0.1970E+02  0.7366E-04
  0.2076E+02  0.5979E-04
  0.2187E+02  0.4852E-04
  0.2305E+02  0.3937E-04
  0.2428E+02  0.3193E-04
  0.2559E+02  0.2590E-04
  0.2696E+02  0.2100E-04
  0.2841E+02  0.1703E-04
  0.2994E+02  0.1381E-04
  0.3155E+02  0.1119E-04
  0.3324E+02  0.9068E-05
  0.3502E+02  0.7348E-05
  0.3691E+02  0.5953E-05
  0.3889E+02  0.4823E-05
  0.4098E+02  0.3906E-05
  0.4318E+02  0.3164E-05
  0.4550E+02  0.2562E-05
  0.4794E+02  0.2074E-05
  0.5051E+02  0.1679E-05
  0.5323E+02  0.1359E-05
  0.5609E+02  0.1100E-05
  0.5910E+02  0.8905E-06
  0.6227E+02  0.7206E-06
  0.6562E+02  0.5830E-06
  0.6914E+02  0.4717E-06
  0.7285E+02  0.3816E-06
  0.7677E+02  0.3086E-06
  0.8089E+02  0.2496E-06
  0.8524E+02  0.2019E-06
  0.8981E+02  0.1632E-06
  0.9464E+02  0.1320E-06
  0.9972E+02  0.1067E-06
  0.1051E+03  0.8624E-07
  0.1107E+03  0.6971E-07
  0.1167E+03  0.5634E-07
  0.1229E+03  0.4553E-07
  0.1295E+03  0.3679E-07
  0.1365E+03  0.2973E-07
  0.1438E+03  0.2402E-07
  0.1515E+03  0.1940E-07
  0.1597E+03  0.1567E-07
  0.1683E+03  0.1266E-07
  0.1773E+03  0.1023E-07
  0.1868E+03  0.8259E-08
  0.1969E+03  0.6670E-08
  0.2074E+03  0.5387E-08
  0.2186E+03  0.4350E-08
  0.2303E+03  0.3512E-08
  0.2427E+03  0.2836E-08
  0.2557E+03  0.2290E-08
  0.2694E+03  0.1849E-08
  0.2839E+03  0.1493E-08
  0.2992E+03  0.1205E-08
  0.3152E+03  0.9729E-09
  0.3322E+03  0.7854E-09
  0.3500E+03  0.6341E-09
