    0.1000   0.69528-309
    0.0000   0.69528-309
    0.0000   0.67216-309
    0.0000   0.53741-309
    0.0000   0.00000E+00
    0.0000   0.00000E+00
    0.0000   0.00000E+00
    0.0000   0.00000E+00
    0.0504   0.13322E-04
 3114.1036   0.31172E+04
 3132.9532   0.31361E+04
 3120.3868   0.31235E+04
 3107.8204   0.31110E+04
 3095.2540   0.30984E+04
    0.0000   0.16578-314
    0.0000   0.16578-314
    0.0000   0.82890-316
    0.0000   0.84880-313
    0.0000   0.48806-312
    0.0000  -0.69169-322
    3.4911
    0.1000   0.25326E+00
    0.0000   0.69528-309
    0.0000   0.67216-309
    0.0000   0.53741-309
    0.0000   0.00000E+00
    0.0000   0.00000E+00
    0.0000   0.00000E+00
    0.0000   0.00000E+00
    0.0504   0.13322E-04
 3114.1036   0.31172E+04
 3132.9532   0.31361E+04
 3120.3868   0.31235E+04
 3107.8204   0.31110E+04
 3095.2540   0.30984E+04
    0.0000   0.16578-314
    0.0000   0.16578-314
    0.0000   0.82890-316
    0.0000   0.84880-313
    0.0000   0.48806-312
    0.0000  -0.69169-322
    3.4820
    0.1000   0.25326E+00
    0.4300   0.69528-309
    0.0000   0.67216-309
    0.0000   0.53741-309
    0.0000   0.00000E+00
    0.0000   0.00000E+00
    0.0000   0.00000E+00
    0.0000   0.00000E+00
    0.0504   0.13322E-04
 3114.1036   0.31172E+04
 3132.9532   0.31361E+04
 3120.3868   0.31235E+04
 3107.8204   0.31110E+04
 3095.2540   0.30984E+04
    0.0000   0.16578-314
    0.0000   0.16578-314
    0.0000   0.82890-316
    0.0000   0.84880-313
    0.0000   0.48806-312
    0.0000  -0.69169-322
    3.4615
    0.1000   0.25326E+00
    0.4300   0.63385E+00
    0.0000   0.67216-309
    0.0000   0.53741-309
    0.0000   0.00000E+00
    0.0000   0.00000E+00
    0.0000   0.00000E+00
    0.0000   0.00000E+00
    0.0504   0.13322E-04
 3114.1036   0.31172E+04
 3132.9532   0.31361E+04
 3120.3868   0.31235E+04
 3107.8204   0.31110E+04
 3095.2540   0.30984E+04
    0.0000   0.16578-314
    0.0000   0.16578-314
    0.0000   0.82890-316
    0.0000   0.84880-313
    0.0000   0.48806-312
    0.0000  -0.69169-322
    3.4253
    0.1000   0.25326E+00
    0.4300   0.63385E+00
    0.8689   0.67216-309
    0.0000   0.53741-309
    0.0000   0.00000E+00
    0.0000   0.00000E+00
    0.0000   0.00000E+00
    0.0000   0.00000E+00
    0.0504   0.13322E-04
 3114.1036   0.31172E+04
 3132.9532   0.31361E+04
 3120.3868   0.31235E+04
 3107.8204   0.31110E+04
 3095.2540   0.30984E+04
    0.0000   0.16578-314
    0.0000   0.16578-314
    0.0000   0.82890-316
    0.0000   0.84880-313
    0.0000   0.48806-312
    0.0000  -0.69169-322
    3.3678
    0.1000   0.25326E+00
    0.4300   0.63385E+00
    0.8689   0.11400E+01
    0.0000   0.53741-309
    0.0000   0.00000E+00
    0.0000   0.00000E+00
    0.0000   0.00000E+00
    0.0000   0.00000E+00
    0.0504   0.13322E-04
 3114.1036   0.31172E+04
 3132.9532   0.31361E+04
 3120.3868   0.31235E+04
 3107.8204   0.31110E+04
 3095.2540   0.30984E+04
    0.0000   0.16578-314
    0.0000   0.16578-314
    0.0000   0.82890-316
    0.0000   0.84880-313
    0.0000   0.48806-312
    0.0000  -0.69169-322
    3.2822
    0.1000   0.25326E+00
    0.4300   0.63385E+00
    0.8689   0.11400E+01
    1.4527   0.53741-309
    0.0000   0.00000E+00
    0.0000   0.00000E+00
    0.0000   0.00000E+00
    0.0000   0.00000E+00
    0.0504   0.13322E-04
 3114.1036   0.31172E+04
 3132.9532   0.31361E+04
 3120.3868   0.31235E+04
 3107.8204   0.31110E+04
 3095.2540   0.30984E+04
    0.0000   0.16578-314
    0.0000   0.16578-314
    0.0000   0.82890-316
    0.0000   0.84880-313
    0.0000   0.48806-312
    0.0000  -0.69169-322
    3.1624
    0.1000   0.25326E+00
    0.4300   0.63385E+00
    0.8689   0.11400E+01
    1.4527   0.18133E+01
    0.0000   0.00000E+00
    0.0000   0.00000E+00
    0.0000   0.00000E+00
    0.0000   0.00000E+00
    0.0504   0.13322E-04
 3114.1036   0.31172E+04
 3132.9532   0.31361E+04
 3120.3868   0.31235E+04
 3107.8204   0.31110E+04
 3095.2540   0.30984E+04
    0.0000   0.16578-314
    0.0000   0.16578-314
    0.0000   0.82890-316
    0.0000   0.84880-313
    0.0000   0.48806-312
    0.0000  -0.69169-322
    3.0005
    0.1000   0.25326E+00
    0.4300   0.63385E+00
    0.8689   0.11400E+01
    1.4527   0.18133E+01
    2.2291   0.00000E+00
    0.0000   0.00000E+00
    0.0000   0.00000E+00
    0.0000   0.00000E+00
    0.0504   0.13322E-04
 3114.1036   0.31172E+04
 3132.9532   0.31361E+04
 3120.3868   0.31235E+04
 3107.8204   0.31110E+04
 3095.2540   0.30984E+04
    0.0000   0.16578-314
    0.0000   0.16578-314
    0.0000   0.82890-316
    0.0000   0.84880-313
    0.0000   0.48806-312
    0.0000  -0.69169-322
    2.7944
    0.1000   0.25326E+00
    0.4300   0.63385E+00
    0.8689   0.11400E+01
    1.4527   0.18133E+01
    2.2291   0.27087E+01
    0.0000   0.00000E+00
    0.0000   0.00000E+00
    0.0000   0.00000E+00
    0.0504   0.13322E-04
 3114.1036   0.31172E+04
 3132.9532   0.31361E+04
 3120.3868   0.31235E+04
 3107.8204   0.31110E+04
 3095.2540   0.30984E+04
    0.0000   0.16578-314
    0.0000   0.16578-314
    0.0000   0.82890-316
    0.0000   0.84880-313
    0.0000   0.48806-312
    0.0000  -0.69169-322
    2.5452
    0.1000   0.25326E+00
    0.4300   0.63385E+00
    0.8689   0.11400E+01
    1.4527   0.18133E+01
    2.2291   0.27087E+01
    3.2618   0.00000E+00
    0.0000   0.00000E+00
    0.0000   0.00000E+00
    0.0504   0.13322E-04
 3114.1036   0.31172E+04
 3132.9532   0.31361E+04
 3120.3868   0.31235E+04
 3107.8204   0.31110E+04
 3095.2540   0.30984E+04
    0.0000   0.16578-314
    0.0000   0.16578-314
    0.0000   0.82890-316
    0.0000   0.84880-313
    0.0000   0.48806-312
    0.0000  -0.69169-322
    2.2610
    0.1000   0.25326E+00
    0.4300   0.63385E+00
    0.8689   0.11400E+01
    1.4527   0.18133E+01
    2.2291   0.27087E+01
    3.2618   0.38996E+01
    0.0000   0.00000E+00
    0.0000   0.00000E+00
    0.0504   0.13322E-04
 3114.1036   0.31172E+04
 3132.9532   0.31361E+04
 3120.3868   0.31235E+04
 3107.8204   0.31110E+04
 3095.2540   0.30984E+04
    0.0000   0.16578-314
    0.0000   0.16578-314
    0.0000   0.82890-316
    0.0000   0.84880-313
    0.0000   0.48806-312
    0.0000  -0.69169-322
    1.9566
    0.1000   0.25326E+00
    0.4300   0.63385E+00
    0.8689   0.11400E+01
    1.4527   0.18133E+01
    2.2291   0.27087E+01
    3.2618   0.38996E+01
    4.6352   0.00000E+00
    0.0000   0.00000E+00
    0.0504   0.13322E-04
 3114.1036   0.31172E+04
 3132.9532   0.31361E+04
 3120.3868   0.31235E+04
 3107.8204   0.31110E+04
 3095.2540   0.30984E+04
    0.0000   0.16578-314
    0.0000   0.16578-314
    0.0000   0.82890-316
    0.0000   0.84880-313
    0.0000   0.48806-312
    0.0000  -0.69169-322
    1.6520
    0.1000   0.25326E+00
    0.4300   0.63385E+00
    0.8689   0.11400E+01
    1.4527   0.18133E+01
    2.2291   0.27087E+01
    3.2618   0.38996E+01
    4.6352   0.54836E+01
    0.0000   0.00000E+00
    0.0504   0.13322E-04
 3114.1036   0.31172E+04
 3132.9532   0.31361E+04
 3120.3868   0.31235E+04
 3107.8204   0.31110E+04
 3095.2540   0.30984E+04
    0.0000   0.16578-314
    0.0000   0.16578-314
    0.0000   0.82890-316
    0.0000   0.84880-313
    0.0000   0.48806-312
    0.0000  -0.69169-322
    1.3642
    0.1000   0.25326E+00
    0.4300   0.63385E+00
    0.8689   0.11400E+01
    1.4527   0.18133E+01
    2.2291   0.27087E+01
    3.2618   0.38996E+01
    4.6352   0.54836E+01
    6.4619   0.00000E+00
    0.0504   0.13322E-04
 3114.1036   0.31172E+04
 3132.9532   0.31361E+04
 3120.3868   0.31235E+04
 3107.8204   0.31110E+04
 3095.2540   0.30984E+04
    0.0000   0.16578-314
    0.0000   0.16578-314
    0.0000   0.82890-316
    0.0000   0.84880-313
    0.0000   0.48806-312
    0.0000  -0.69169-322
    1.1060
    0.1000   0.25326E+00
    0.4300   0.63385E+00
    0.8689   0.11400E+01
    1.4527   0.18133E+01
    2.2291   0.27087E+01
    3.2618   0.38996E+01
    4.6352   0.54836E+01
    6.4619   0.75902E+01
    0.0504   0.13322E-04
 3114.1036   0.31172E+04
 3132.9532   0.31361E+04
 3120.3868   0.31235E+04
 3107.8204   0.31110E+04
 3095.2540   0.30984E+04
    0.0000   0.16578-314
    0.0000   0.16578-314
    0.0000   0.82890-316
    0.0000   0.84880-313
    0.0000   0.48806-312
    0.0000  -0.69169-322
    0.8826
    0.1000   0.25326E+00
    0.4300   0.63385E+00
