   2.0125   0.9563E+01
   2.0375   0.2850E+02
   2.0625   0.4752E+02
   2.0875   0.6394E+02
   2.1125   0.7796E+02
   2.1375   0.9301E+02
   2.1625   0.1104E+03
   2.1875   0.1201E+03
   2.2125   0.1336E+03
   2.2375   0.1406E+03
   2.2625   0.1547E+03
   2.2875   0.1579E+03
   2.3125   0.1651E+03
   2.3375   0.1709E+03
   2.3625   0.1719E+03
   2.3875   0.1880E+03
   2.4125   0.1843E+03
   2.4375   0.1920E+03
   2.4625   0.1860E+03
   2.4875   0.2000E+03
   2.5125   0.1970E+03
   2.5375   0.1944E+03
   2.5625   0.2002E+03
   2.5875   0.1968E+03
   2.6125   0.1981E+03
   2.6375   0.1948E+03
   2.6625   0.1933E+03
   2.6875   0.1960E+03
   2.7125   0.1939E+03
   2.7375   0.1938E+03
   2.7625   0.1960E+03
   2.7875   0.1793E+03
   2.8125   0.1822E+03
   2.8375   0.1751E+03
   2.8625   0.1768E+03
   2.8875   0.1710E+03
   2.9125   0.1655E+03
   2.9375   0.1677E+03
   2.9625   0.1560E+03
   2.9875   0.1590E+03
   3.0125   0.1535E+03
   3.0375   0.1437E+03
   3.0625   0.1396E+03
   3.0875   0.1360E+03
   3.1125   0.1308E+03
   3.1375   0.1261E+03
   3.1625   0.1216E+03
   3.1875   0.1236E+03
   3.2125   0.1129E+03
   3.2375   0.1098E+03
   3.2625   0.1082E+03
   3.2875   0.9720E+02
   3.3125   0.9595E+02
   3.3375   0.9064E+02
   3.3625   0.8787E+02
   3.3875   0.7786E+02
   3.4125   0.7248E+02
   3.4375   0.7420E+02
   3.4625   0.6631E+02
   3.4875   0.6156E+02
   3.5125   0.5604E+02
   3.5375   0.5122E+02
   3.5625   0.5183E+02
   3.5875   0.4902E+02
   3.6125   0.4572E+02
   3.6375   0.3880E+02
   3.6625   0.3608E+02
   3.6875   0.3332E+02
   3.7125   0.3110E+02
   3.7375   0.2863E+02
   3.7625   0.2623E+02
   3.7875   0.2455E+02
   3.8125   0.2125E+02
   3.8375   0.1845E+02
   3.8625   0.1701E+02
   3.8875   0.1654E+02
   3.9125   0.1462E+02
   3.9375   0.1226E+02
   3.9625   0.1088E+02
   3.9875   0.9902E+01
   4.0125   0.8001E+01
   4.0375   0.7024E+01
   4.0625   0.6684E+01
   4.0875   0.5556E+01
   4.1125   0.4595E+01
   4.1375   0.4006E+01
   4.1625   0.3224E+01
   4.1875   0.2836E+01
   4.2125   0.2394E+01
   4.2375   0.1911E+01
   4.2625   0.1404E+01
   4.2875   0.1102E+01
   4.3125   0.8806E+00
   4.3375   0.7012E+00
   4.3625   0.5187E+00
   4.3875   0.3982E+00
   4.4125   0.2238E+00
   4.4375   0.1466E+00
   4.4625   0.4325E-01
   4.4875   0.2060E-01
