   0.7500   0.3407E+00
   2.2500   0.9205E+00
   3.7500   0.1225E+01
   5.2500   0.1268E+01
   6.7500   0.1063E+01
   8.2500   0.8547E+00
   9.7500   0.7936E+00
  11.2500   0.6738E+00
  12.7500   0.6393E+00
  14.2500   0.5111E+00
  15.7500   0.5594E+00
  17.2500   0.5080E+00
  18.7500   0.3755E+00
  20.2500   0.3861E+00
  21.7500   0.3350E+00
  23.2500   0.3111E+00
  24.7500   0.2779E+00
  26.2500   0.2539E+00
  27.7500   0.2153E+00
  29.2500   0.2234E+00
  30.7500   0.1933E+00
  32.2500   0.1945E+00
  33.7500   0.1562E+00
  35.2500   0.1646E+00
  36.7500   0.1334E+00
  38.2500   0.1218E+00
  39.7500   0.1094E+00
  41.2500   0.9863E-01
  42.7500   0.9781E-01
  44.2500   0.7908E-01
  45.7500   0.8161E-01
  47.2500   0.7678E-01
  48.7500   0.5901E-01
  50.2500   0.6105E-01
  51.7500   0.5594E-01
  53.2500   0.5076E-01
  54.7500   0.3973E-01
  56.2500   0.4453E-01
  57.7500   0.3683E-01
  59.2500   0.3631E-01
  60.7500   0.3311E-01
  62.2500   0.2660E-01
  63.7500   0.2497E-01
  65.2500   0.2251E-01
  66.7500   0.2056E-01
  68.2500   0.1981E-01
  69.7500   0.1757E-01
  71.2500   0.1451E-01
  72.7500   0.1401E-01
  74.2500   0.1599E-01
  75.7500   0.1425E-01
  77.2500   0.1101E-01
  78.7500   0.1532E-01
  80.2500   0.9715E-02
  81.7500   0.9623E-02
  83.2500   0.6028E-02
  84.7500   0.9736E-02
  86.2500   0.4773E-02
  87.7500   0.5725E-02
  89.2500   0.4421E-02
  90.7500   0.4988E-02
  92.2500   0.4331E-02
  93.7500   0.2603E-02
  95.2500   0.3032E-02
  96.7500   0.3144E-02
  98.2500   0.2366E-02
  99.7500   0.2474E-02
 101.2500   0.2019E-02
 102.7500   0.2814E-02
 104.2500   0.1528E-02
 105.7500   0.1089E-02
 107.2500   0.1573E-02
 108.7500   0.1446E-02
 110.2500   0.8604E-03
 111.7500   0.1478E-02
 113.2500   0.5269E-03
 114.7500   0.7738E-03
 116.2500   0.7955E-03
 117.7500   0.5414E-03
 119.2500   0.4720E-03
 120.7500   0.4728E-03
 122.2500   0.4330E-03
 123.7500   0.6031E-03
 125.2500   0.5319E-03
 126.7500   0.3717E-03
 128.2500   0.2687E-03
 129.7500   0.1299E-03
 131.2500   0.1825E-03
 132.7500   0.2725E-03
 134.2500   0.1903E-03
 135.7500   0.1263E-03
 137.2500   0.2698E-03
 138.7500   0.9391E-04
 140.2500   0.6912E-04
 141.7500   0.8973E-04
 143.2500   0.1052E-03
 144.7500   0.9338E-04
 146.2500   0.4514E-04
 147.7500   0.4738E-04
 149.2500   0.1868E-04
