   0.7500   0.1579E+01
   2.2500   0.4214E+01
   3.7500   0.4634E+01
   5.2500   0.4821E+01
   6.7500   0.4632E+01
   8.2500   0.4360E+01
   9.7500   0.3760E+01
  11.2500   0.3382E+01
  12.7500   0.3043E+01
  14.2500   0.2691E+01
  15.7500   0.2660E+01
  17.2500   0.2309E+01
  18.7500   0.2092E+01
  20.2500   0.1985E+01
  21.7500   0.1830E+01
  23.2500   0.1620E+01
  24.7500   0.1499E+01
  26.2500   0.1372E+01
  27.7500   0.1280E+01
  29.2500   0.1212E+01
  30.7500   0.1104E+01
  32.2500   0.1083E+01
  33.7500   0.1003E+01
  35.2500   0.8755E+00
  36.7500   0.7860E+00
  38.2500   0.7089E+00
  39.7500   0.7466E+00
  41.2500   0.6785E+00
  42.7500   0.6475E+00
  44.2500   0.5536E+00
  45.7500   0.5740E+00
  47.2500   0.4760E+00
  48.7500   0.4443E+00
  50.2500   0.4614E+00
  51.7500   0.4008E+00
  53.2500   0.3879E+00
  54.7500   0.3962E+00
  56.2500   0.3463E+00
  57.7500   0.3077E+00
  59.2500   0.2855E+00
  60.7500   0.2673E+00
  62.2500   0.2526E+00
  63.7500   0.2468E+00
  65.2500   0.2233E+00
  66.7500   0.1983E+00
  68.2500   0.1852E+00
  69.7500   0.1748E+00
  71.2500   0.1686E+00
  72.7500   0.1691E+00
  74.2500   0.1573E+00
  75.7500   0.1392E+00
  77.2500   0.1394E+00
  78.7500   0.1098E+00
  80.2500   0.1144E+00
  81.7500   0.1108E+00
  83.2500   0.9075E-01
  84.7500   0.9472E-01
  86.2500   0.8852E-01
  87.7500   0.7661E-01
  89.2500   0.7789E-01
  90.7500   0.7260E-01
  92.2500   0.6417E-01
  93.7500   0.5788E-01
  95.2500   0.5457E-01
  96.7500   0.5875E-01
  98.2500   0.4748E-01
  99.7500   0.5523E-01
 101.2500   0.4732E-01
 102.7500   0.4431E-01
 104.2500   0.4341E-01
 105.7500   0.3973E-01
 107.2500   0.3976E-01
 108.7500   0.3172E-01
 110.2500   0.3184E-01
 111.7500   0.2878E-01
 113.2500   0.2635E-01
 114.7500   0.2783E-01
 116.2500   0.2578E-01
 117.7500   0.2758E-01
 119.2500   0.2238E-01
 120.7500   0.2035E-01
 122.2500   0.2308E-01
 123.7500   0.1958E-01
 125.2500   0.1790E-01
 126.7500   0.2206E-01
 128.2500   0.2328E-01
 129.7500   0.1336E-01
 131.2500   0.1279E-01
 132.7500   0.1304E-01
 134.2500   0.1174E-01
 135.7500   0.1341E-01
 137.2500   0.1050E-01
 138.7500   0.1007E-01
 140.2500   0.9358E-02
 141.7500   0.7600E-02
 143.2500   0.6549E-02
 144.7500   0.8470E-02
 146.2500   0.5792E-02
 147.7500   0.5493E-02
 149.2500   0.5872E-02
