  60.3000   0.2753E-01
  60.9000   0.2907E-01
  61.5000   0.3167E-01
  62.1000   0.3335E-01
  62.7000   0.3606E-01
  63.3000   0.3919E-01
  63.9000   0.4236E-01
  64.5000   0.4562E-01
  65.1000   0.4761E-01
  65.7000   0.5153E-01
  66.3000   0.5474E-01
  66.9000   0.5991E-01
  67.5000   0.6384E-01
  68.1000   0.6973E-01
  68.7000   0.7572E-01
  69.3000   0.8159E-01
  69.9000   0.8661E-01
  70.5000   0.9648E-01
  71.1000   0.1015E+00
  71.7000   0.1115E+00
  72.3000   0.1225E+00
  72.9000   0.1315E+00
  73.5000   0.1431E+00
  74.1000   0.1582E+00
  74.7000   0.1753E+00
  75.3000   0.1884E+00
  75.9000   0.2067E+00
  76.5000   0.2337E+00
  77.1000   0.2506E+00
  77.7000   0.2831E+00
  78.3000   0.3095E+00
  78.9000   0.3453E+00
  79.5000   0.4061E+00
  80.1000   0.4437E+00
  80.7000   0.5235E+00
  81.3000   0.5770E+00
  81.9000   0.6819E+00
  82.5000   0.7703E+00
  83.1000   0.8971E+00
  83.7000   0.1112E+01
  84.3000   0.1302E+01
  84.9000   0.1538E+01
  85.5000   0.1984E+01
  86.1000   0.2446E+01
  86.7000   0.3030E+01
  87.3000   0.4117E+01
  87.9000   0.5792E+01
  88.5000   0.8098E+01
  89.1000   0.1240E+02
  89.7000   0.2072E+02
  90.3000   0.3561E+02
  90.9000   0.5193E+02
  91.5000   0.5320E+02
  92.1000   0.3432E+02
  92.7000   0.2132E+02
  93.3000   0.1479E+02
  93.9000   0.9182E+01
  94.5000   0.6402E+01
  95.1000   0.4724E+01
  95.7000   0.3744E+01
  96.3000   0.3089E+01
  96.9000   0.2432E+01
  97.5000   0.2014E+01
  98.1000   0.1738E+01
  98.7000   0.1462E+01
  99.3000   0.1281E+01
  99.9000   0.1154E+01
 100.5000   0.1006E+01
 101.1000   0.8979E+00
 101.7000   0.8107E+00
 102.3000   0.7559E+00
 102.9000   0.6666E+00
 103.5000   0.6066E+00
 104.1000   0.5688E+00
 104.7000   0.5240E+00
 105.3000   0.4850E+00
 105.9000   0.4404E+00
 106.5000   0.4196E+00
 107.1000   0.3936E+00
 107.7000   0.3684E+00
 108.3000   0.3505E+00
 108.9000   0.3238E+00
 109.5000   0.3065E+00
 110.1000   0.3002E+00
 110.7000   0.2793E+00
 111.3000   0.2861E+00
 111.9000   0.2481E+00
 112.5000   0.2504E+00
 113.1000   0.2464E+00
 113.7000   0.2218E+00
 114.3000   0.2154E+00
 114.9000   0.2052E+00
 115.5000   0.2011E+00
 116.1000   0.1851E+00
 116.7000   0.1767E+00
 117.3000   0.1797E+00
 117.9000   0.1655E+00
 118.5000   0.1650E+00
 119.1000   0.1592E+00
 119.7000   0.1530E+00
