   0.7500   0.1706E+01
   2.2500   0.4322E+01
   3.7500   0.6005E+01
   5.2500   0.5644E+01
   6.7500   0.4968E+01
   8.2500   0.4765E+01
   9.7500   0.4295E+01
  11.2500   0.4090E+01
  12.7500   0.3643E+01
  14.2500   0.3284E+01
  15.7500   0.3063E+01
  17.2500   0.2777E+01
  18.7500   0.2746E+01
  20.2500   0.2382E+01
  21.7500   0.2176E+01
  23.2500   0.1965E+01
  24.7500   0.1910E+01
  26.2500   0.1833E+01
  27.7500   0.1583E+01
  29.2500   0.1535E+01
  30.7500   0.1349E+01
  32.2500   0.1300E+01
  33.7500   0.1189E+01
  35.2500   0.1197E+01
  36.7500   0.1073E+01
  38.2500   0.9859E+00
  39.7500   0.9357E+00
  41.2500   0.9338E+00
  42.7500   0.8120E+00
  44.2500   0.7919E+00
  45.7500   0.7010E+00
  47.2500   0.6614E+00
  48.7500   0.6498E+00
  50.2500   0.5400E+00
  51.7500   0.5606E+00
  53.2500   0.5368E+00
  54.7500   0.4695E+00
  56.2500   0.4250E+00
  57.7500   0.4213E+00
  59.2500   0.4062E+00
  60.7500   0.3554E+00
  62.2500   0.3420E+00
  63.7500   0.3294E+00
  65.2500   0.2708E+00
  66.7500   0.2813E+00
  68.2500   0.2942E+00
  69.7500   0.2669E+00
  71.2500   0.2569E+00
  72.7500   0.2517E+00
  74.2500   0.1937E+00
  75.7500   0.2100E+00
  77.2500   0.1799E+00
  78.7500   0.1735E+00
  80.2500   0.1578E+00
  81.7500   0.1389E+00
  83.2500   0.1414E+00
  84.7500   0.1125E+00
  86.2500   0.1161E+00
  87.7500   0.1204E+00
  89.2500   0.1043E+00
  90.7500   0.9496E-01
  92.2500   0.8002E-01
  93.7500   0.7338E-01
  95.2500   0.7716E-01
  96.7500   0.6317E-01
  98.2500   0.7627E-01
  99.7500   0.6332E-01
 101.2500   0.6207E-01
 102.7500   0.6030E-01
 104.2500   0.5994E-01
 105.7500   0.5248E-01
 107.2500   0.4387E-01
 108.7500   0.4443E-01
 110.2500   0.3255E-01
 111.7500   0.4384E-01
 113.2500   0.3755E-01
 114.7500   0.3228E-01
 116.2500   0.3081E-01
 117.7500   0.3376E-01
 119.2500   0.3154E-01
 120.7500   0.2173E-01
 122.2500   0.2110E-01
 123.7500   0.2490E-01
 125.2500   0.2007E-01
 126.7500   0.2069E-01
 128.2500   0.2099E-01
 129.7500   0.1884E-01
 131.2500   0.1820E-01
 132.7500   0.1458E-01
 134.2500   0.1571E-01
 135.7500   0.1534E-01
 137.2500   0.1753E-01
 138.7500   0.1340E-01
 140.2500   0.1475E-01
 141.7500   0.1319E-01
 143.2500   0.1086E-01
 144.7500   0.1267E-01
 146.2500   0.8159E-02
 147.7500   0.1270E-01
 149.2500   0.8299E-02
