   0.7500   0.2660E+01
   2.2500   0.7021E+01
   3.7500   0.8702E+01
   5.2500   0.8802E+01
   6.7500   0.8459E+01
   8.2500   0.7610E+01
   9.7500   0.6849E+01
  11.2500   0.6334E+01
  12.7500   0.5702E+01
  14.2500   0.5071E+01
  15.7500   0.4929E+01
  17.2500   0.4295E+01
  18.7500   0.4018E+01
  20.2500   0.3697E+01
  21.7500   0.3401E+01
  23.2500   0.3050E+01
  24.7500   0.2849E+01
  26.2500   0.2674E+01
  27.7500   0.2453E+01
  29.2500   0.2362E+01
  30.7500   0.2147E+01
  32.2500   0.2032E+01
  33.7500   0.1858E+01
  35.2500   0.1800E+01
  36.7500   0.1648E+01
  38.2500   0.1495E+01
  39.7500   0.1513E+01
  41.2500   0.1327E+01
  42.7500   0.1286E+01
  44.2500   0.1221E+01
  45.7500   0.1159E+01
  47.2500   0.1046E+01
  48.7500   0.9797E+00
  50.2500   0.9847E+00
  51.7500   0.9165E+00
  53.2500   0.8560E+00
  54.7500   0.8205E+00
  56.2500   0.7673E+00
  57.7500   0.7355E+00
  59.2500   0.6731E+00
  60.7500   0.6117E+00
  62.2500   0.6154E+00
  63.7500   0.5870E+00
  65.2500   0.5339E+00
  66.7500   0.5081E+00
  68.2500   0.4854E+00
  69.7500   0.4457E+00
  71.2500   0.4590E+00
  72.7500   0.4272E+00
  74.2500   0.4088E+00
  75.7500   0.3694E+00
  77.2500   0.3504E+00
  78.7500   0.3326E+00
  80.2500   0.3237E+00
  81.7500   0.3087E+00
  83.2500   0.2754E+00
  84.7500   0.2855E+00
  86.2500   0.2570E+00
  87.7500   0.2428E+00
  89.2500   0.2412E+00
  90.7500   0.2253E+00
  92.2500   0.2108E+00
  93.7500   0.1955E+00
  95.2500   0.1875E+00
  96.7500   0.1807E+00
  98.2500   0.1771E+00
  99.7500   0.1776E+00
 101.2500   0.1676E+00
 102.7500   0.1518E+00
 104.2500   0.1455E+00
 105.7500   0.1345E+00
 107.2500   0.1456E+00
 108.7500   0.1248E+00
 110.2500   0.1259E+00
 111.7500   0.1208E+00
 113.2500   0.1150E+00
 114.7500   0.1053E+00
 116.2500   0.1066E+00
 117.7500   0.9938E-01
 119.2500   0.8794E-01
 120.7500   0.8985E-01
 122.2500   0.8698E-01
 123.7500   0.8919E-01
 125.2500   0.7878E-01
 126.7500   0.7849E-01
 128.2500   0.7883E-01
 129.7500   0.6712E-01
 131.2500   0.6639E-01
 132.7500   0.6380E-01
 134.2500   0.6920E-01
 135.7500   0.6693E-01
 137.2500   0.6237E-01
 138.7500   0.5365E-01
 140.2500   0.5445E-01
 141.7500   0.4771E-01
 143.2500   0.5185E-01
 144.7500   0.5680E-01
 146.2500   0.4434E-01
 147.7500   0.4322E-01
 149.2500   0.3919E-01
