   0.7500   0.1595E+01
   2.2500   0.4194E+01
   3.7500   0.5667E+01
   5.2500   0.4918E+01
   6.7500   0.4666E+01
   8.2500   0.4436E+01
   9.7500   0.3935E+01
  11.2500   0.3463E+01
  12.7500   0.3239E+01
  14.2500   0.2899E+01
  15.7500   0.2698E+01
  17.2500   0.2341E+01
  18.7500   0.2169E+01
  20.2500   0.2064E+01
  21.7500   0.1799E+01
  23.2500   0.1698E+01
  24.7500   0.1521E+01
  26.2500   0.1420E+01
  27.7500   0.1260E+01
  29.2500   0.1142E+01
  30.7500   0.1095E+01
  32.2500   0.9902E+00
  33.7500   0.9085E+00
  35.2500   0.8499E+00
  36.7500   0.7881E+00
  38.2500   0.7106E+00
  39.7500   0.6396E+00
  41.2500   0.6169E+00
  42.7500   0.5449E+00
  44.2500   0.5390E+00
  45.7500   0.4924E+00
  47.2500   0.4580E+00
  48.7500   0.4000E+00
  50.2500   0.3747E+00
  51.7500   0.3525E+00
  53.2500   0.3378E+00
  54.7500   0.3084E+00
  56.2500   0.2706E+00
  57.7500   0.2490E+00
  59.2500   0.2091E+00
  60.7500   0.2180E+00
  62.2500   0.1992E+00
  63.7500   0.1833E+00
  65.2500   0.1711E+00
  66.7500   0.1516E+00
  68.2500   0.1347E+00
  69.7500   0.1274E+00
  71.2500   0.1185E+00
  72.7500   0.1115E+00
  74.2500   0.1094E+00
  75.7500   0.9596E-01
  77.2500   0.8344E-01
  78.7500   0.7528E-01
  80.2500   0.8353E-01
  81.7500   0.6385E-01
  83.2500   0.6061E-01
  84.7500   0.6028E-01
  86.2500   0.4452E-01
  87.7500   0.5177E-01
  89.2500   0.4744E-01
  90.7500   0.4046E-01
  92.2500   0.3331E-01
  93.7500   0.3045E-01
  95.2500   0.3038E-01
  96.7500   0.3286E-01
  98.2500   0.2709E-01
  99.7500   0.2701E-01
 101.2500   0.2385E-01
 102.7500   0.2105E-01
 104.2500   0.1816E-01
 105.7500   0.1702E-01
 107.2500   0.1517E-01
 108.7500   0.1652E-01
 110.2500   0.1509E-01
 111.7500   0.1317E-01
 113.2500   0.1299E-01
 114.7500   0.1154E-01
 116.2500   0.1098E-01
 117.7500   0.9831E-02
 119.2500   0.9440E-02
 120.7500   0.8167E-02
 122.2500   0.1224E-01
 123.7500   0.7210E-02
 125.2500   0.4881E-02
 126.7500   0.8710E-02
 128.2500   0.6424E-02
 129.7500   0.8099E-02
 131.2500   0.4538E-02
 132.7500   0.5456E-02
 134.2500   0.4024E-02
 135.7500   0.3976E-02
 137.2500   0.4869E-02
 138.7500   0.2517E-02
 140.2500   0.3307E-02
 141.7500   0.2478E-02
 143.2500   0.2324E-02
 144.7500   0.2912E-02
 146.2500   0.1903E-02
 147.7500   0.2574E-02
 149.2500   0.2276E-02
